21
7
10
1
8
3
22
62
115
56
9
10
0
0
13
0
14
16
10
0
6
6
12
2
73
18
80
10
1
2
4
1
8
4
5
7
0
0
14
4
7
0
12
3
37
77
135
54
11
11
0
1
14
1
10
14
5
0
5
4
8
3
68
26
72
1
0
1
2
0
8
5
5
8
0
0
13
4
4
2
3
12
44
75
91
84
3
4
0
4
12
5
2
3
2
0
1
3
7
0
52
7
88
1
2
1
4
1
3
9
12
12
1
0
10
3
9
0
6
6
35
73
79
65
7
7
0
5
12
2
11
16
9
0
2
1
11
0
61
11
84
6
1
1
4
2
7
5
6
9
0
0
13
3
9
0
4
7
30
82
174
70
6
6
1
0
8
1
6
10
6
0
0
4
17
1
80
13
86
3
1
0
8
2
6
7
7
21
0
0
11
2
11
1
7
5
33
74
143
66
8
9
2
1
9
2
8
11
7
0
1
5
9
4
83
16
83
1
2
2
7
0
4
4
5
11
0
0
14
5
5
0
8
7
38
77
164
73
5
5
0
3
12
2
6
9
3
0
3
3
11
1
74
7
91
1
2
0
3
3
3
8
9
18
0
0
