9
6
7
1
7
3
33
79
113
66
3
4
0
1
6
0
9
9
6
1
2
1
11
1
66
15
81
5
0
2
3
0
5
6
6
5
0
0
15
5
9
0
6
5
28
74
132
65
9
10
1
3
9
4
5
10
4
0
1
1
9
0
84
15
84
5
0
4
4
1
4
4
9
11
1
0
8
1
5
1
3
3
33
77
73
72
6
6
1
2
3
3
4
4
2
0
2
0
5
0
39
6
86
6
1
1
1
0
0
4
4
6
1
1
12
1
4
1
4
7
41
80
94
78
7
8
0
1
6
2
6
7
4
0
2
2
7
0
111
8
93
10
1
0
4
0
4
3
7
5
0
0
12
3
9
0
7
4
31
82
94
62
8
11
1
2
8
2
10
14
7
1
2
3
7
0
59
8
88
3
0
1
5
0
2
5
5
5
0
0
12
2
3
0
9
7
48
85
92
71
15
15
13
1
3
2
5
8
4
0
1
2
10
1
53
9
85
5
0
0
3
0
6
7
8
9
0
0
8
1
5
1
4
15
59
90
168
73
4
6
4
5
8
3
3
3
2
0
1
4
13
2
58
1
98
6
1
1
6
0
2
9
14
15
0
0
13
5
12
1
5
2
18
78
144
49
5
5
0
0
8
1
11
12
7
0
0
5
11
2
78
12
86
1
1
0
1
2
5
3
3
8
0
0
7
3
5
0
4
2
28
86
92
62
5
6
2
1
3
1
5
6
5
0
1
3
9
1
107
5
95
10
1
0
1
1
3
5
6
5
0
0
11
1
16
1
4
3
20
80
133
49
10
10
2
1
2
1
5
11
4
1
0
3
10
0
114
7
94
4
1
2
4
1
6
5
7
10
0
0
10
3
12
1
5
8
34
77
0
71
4
4
0
1
8
1
7
8
6
0
1
1
16
1
103
4
96
9
0
1
4
0
3
8
9
14
0
0
